S1, number of sound sources: 10
S1,  0.1m E,  0.1m N, power 0.00001W, contributes 85.2 dB at origin
S1,  0.1m E, 33.3m N, power 0.00010W, contributes 47.8 dB at origin
S1,  0.1m E, 66.7m N, power 0.00001W, contributes 31.8 dB at origin
S1,  0.1m E, 99.9m N, power 0.00001W, contributes 28.3 dB at origin
S1, 37.0m E,  0.1m N, power 0.00001W, contributes 36.9 dB at origin
S1, 37.0m E, 99.9m N, power 0.00001W, contributes 27.7 dB at origin
S1, 73.9m E,  0.1m N, power 0.00001W, contributes 30.9 dB at origin
S1, 73.9m E, 33.3m N, power 0.00001W, contributes 30.1 dB at origin
S1, 73.9m E, 66.7m N, power 0.00010W, contributes 38.3 dB at origin
S1, 73.9m E, 99.9m N, power 0.00001W, contributes 26.4 dB at origin

S2, grid = 1.00m, danger points =     10 /   7575 = 0.13%
S2, grid = 0.50m, danger points =     24 /  29949 = 0.08%
S2, grid = 0.25m, danger points =     87 / 119097 = 0.07%

S3,  66  555555              5555555  66  66  555555555555555555555555555  66 
S3,     5555555              55555555        5555555555555555555555555555     
S3,  5555555555               5555555555  555555555555555555555555555555555   
S3, 5555555555                555555555555555555555555555555555555555555555555
S3, 555555555                   5555555555555555555555555555555555555555555555
S3, 555555                       555555555555555555555555555555555555555555555
S3,                                 555555555555555555555555555555555555555555
S3,                                    555555555555555555555555555555555555555
S3,                                       555555555555555555555555555555555555
S3, 5555                                   55555555555555555555555555555      
S3, 55555555                                555555555555555555555555          
S3, 55555555555                            55555555555555555555555            
S3, 5555555555555                          5555555555555555555555            6
S3, 555555555555555                        555555555555555555555        666666
S3,    55555555555555                     555555555555555555555        66666  
S3, 66   5555555555555                    555555555555555555555       6666   7
S3, 7 6  555555555555555                  55555555555555555555        666  7 8
S3, 66   55555555555555555               5555555555555555555555       6666  77
S3,     55555555555555555555             5555555555555555555555       66666   
S3,  5555555555555555555555555          555555555555555555555555        666666
S3, 55555555555555555555555555555       555555555555555555555555           666
S3, 55555555555555555555555555555555  5555555555555555555555555555            
S3, 5555555555555555555555555555555555555555555555555555555555555555          
S3, 555555555555555555555555555555555555555555555555555555555555555555        
S3, 55555555555555555555555555555555555555555555555555555555555555555555555555
S3, 55555555555555555555555555555555555555555555555555555555555555555555555555
S3,         555555555555555555555555555555555555555555555555555555555555555555
S3,           5555555555555555555555555555555555555555555555555555555555555555
S3,             5555555555555555555555555555  55555555555555555555555555555555
S3, 666           555555555555555555555555       55555555555555555555555555555
S3, 666666        555555555555555555555555          5555555555555555555555555 
S3,    66666       5555555555555555555555             55555555555555555555    
S3, 77  6666       5555555555555555555555               55555555555555555   66
S3, 8 7  666        55555555555555555555                  555555555555555  6 7
S3, 7   6666       555555555555555555555                    5555555555555   66
S3,   66666        555555555555555555555                     55555555555555   
S3, 666666        555555555555555555555                        555555555555555
S3, 6            5555555555555555555555                          5555555555555
S3,             55555555555555555555555                            55555555555
S3,           555555555555555555555555                                55555555
S3,       55555555555555555555555555555                                   5555
S3, 555555555555555555555555555555555555                                      
S3, 555555555555555555555555555555555555555                                   
S3, 555555555555555555555555555555555555555555                                
S3, 555555555555555555555555555555555555555555555                       555555
S3, 5555555555555555555555555555555555555555555555                   555555555
S3, 555555555555555555555555555555555555555555555555                5555555555
S3,    555555555555555555555555555555555  5555555555               5555555555 
S3,      5555555555555555555555555555        55555555              5555555    
S3,  66  555555555555555555555555555  66  66  5555555              555555  66 

ta daa!
